1000 50 5
896 934
1012 872
1007 892
803 830
1365 905
809 126
1318 746
1003 728
724 704
696 940
236 255
942 457
853 600
1068 937
736 367
1200 779
178 700
998 517
228 625
1045 956
947 448
255 437
1317 921
928 232
141 150
1124 952
1057 736
988 538
819 890
1250 201
1212 793
833 174
556 874
1094 422
363 667
160 707
925 295
904 267
1006 895
965 32
847 825
620 241
646 896
842 665
261 261
1317 831
1105 934
450 401
181 205
958 904
876 680
629 264
1414 807
104 855
758 949
636 165
1005 726
955 440
862 327
705 333
1027 392
914 298
820 543
206 449
181 256
764 685
436 410
1336 847
1130 357
1402 705
976 562
834 128
1352 937
499 708
443 209
271 482
206 596
988 86
171 435
285 89
215 603
509 967
1432 447
281 959
381 206
478 105
400 596
744 683
543 706
1298 215
101 397
884 686
1152 390
645 145
226 797
845 122
246 953
718 343
334 264
947 427
951 440
584 391
1351 984
370 815
502 734
285 929
1066 376
472 947
948 468
709 350
1411 806
251 242
891 285
412 176
952 436
906 264
839 167
1196 348
864 925
128 847
742 925
959 282
1318 657
393 806
131 828
823 966
1203 778
391 604
724 943
971 883
345 822
202 196
821 182
320 69
343 671
1265 554
684 339
1093 950
799 774
1304 624
663 238
354 199
1167 755
850 527
1232 200
622 715
401 821
815 775
1256 687
1415 134
993 858
142 858
166 190
1261 578
230 482
378 593
931 258
850 896
684 713
306 688
1426 433
303 584
297 682
306 665
969 752
124 378
1387 801
454 945
984 101
890 686
1173 764
1063 733
673 272
825 696
1330 241
1079 433
1047 396
280 903
480 703
260 242
885 450
968 563
805 101
526 707
394 398
1391 843
1309 925
1275 677
913 276
731 728
104 861
1115 938
687 362
215 504
838 830
1047 176
373 856
227 918
175 799
202 920
1207 664
629 341
160 206
914 440
822 556
1326 823
467 120
418 421
1108 769
327 125
418 131
1275 222
206 265
252 242
291 436
1317 513
1339 543
173 840
395 610
214 604
852 808
1026 741
1341 952
398 379
912 930
927 483
226 254
115 669
1390 117
538 702
988 842
821 794
872 704
240 453
965 58
235 542
675 360
790 806
986 137
217 641
1045 426
994 63
1041 703
977 90
86 660
1400 426
1106 959
313 947
252 584
789 899
1405 731
1371 905
1407 722
192 618
802 805
831 706
796 571
999 92
1240 697
772 113
95 411
396 420
919 286
1245 737
685 335
268 955
149 168
362 599
1069 431
881 694
1114 153
1289 242
51 383
965 493
246 264
883 124
198 422
1332 925
920 443
810 923
277 784
1067 449
1016 860
1113 133
1042 417
642 360
1332 976
1203 686
466 946
375 375
387 816
847 289
975 719
1129 182
250 749
945 289
375 674
820 926
623 472
1054 714
1181 362
340 696
1159 142
995 877
225 256
1025 169
441 241
296 782
1004 414
376 828
575 447
195 145
249 900
1361 311
324 95
316 829
677 347
407 236
818 688
1402 955
1029 582
966 867
952 860
210 496
372 244
268 824
845 581
390 925
1062 933
436 379
1035 840
409 159
679 116
1022 435
748 174
1013 93
200 290
642 243
466 447
226 485
221 979
666 271
357 624
1295 914
951 560
285 285
1070 400
904 449
150 186
962 722
665 887
560 700
1291 821
926 465
1100 150
459 129
641 872
289 690
1417 295
828 776
601 398
147 166
576 887
405 971
593 883
1364 137
139 170
962 446
661 906
498 951
330 50
581 406
364 724
694 947
193 959
684 931
743 931
964 474
1090 116
171 651
670 969
230 288
261 245
91 369
1007 391
207 159
1340 941
1041 868
983 468
1434 284
879 674
1411 116
830 761
1065 917
953 754
716 343
1309 579
1451 299
1414 440
1408 723
1374 289
887 283
733 718
1194 777
405 417
1349 953
712 121
620 904
1021 729
830 707
106 635
161 659
483 124
611 272
928 281
462 960
1405 484
838 665
418 406
252 932
504 125
654 330
1370 796
213 799
1363 138
1391 699
1014 720
400 198
734 728
759 324
1379 154
985 877
182 151
1002 733
223 241
852 962
1024 68
1412 712
174 393
250 772
824 897
420 841
1128 153
244 956
253 795
1366 799
1058 427
945 289
824 819
995 59
408 407
197 897
336 638
565 686
531 729
725 943
307 94
1070 940
596 706
348 583
1014 37
1373 314
1356 805
834 670
1167 391
895 909
1023 694
394 803
1311 542
93 873
1026 177
1284 959
857 693
1407 722
1385 856
1394 417
1361 251
1122 127
1342 558
67 166
1373 462
591 465
306 776
439 818
314 53
709 936
897 434
1085 529
857 812
1383 446
1017 81
1040 729
708 713
1047 178
768 721
804 916
798 562
317 674
1312 559
1257 551
665 722
1260 207
222 590
1345 852
692 150
299 42
172 593
277 450
711 282
355 412
444 945
373 656
224 256
409 542
250 507
697 121
307 55
1098 171
1002 868
724 118
888 161
1047 575
491 105
954 890
1080 178
402 213
1320 271
1095 442
1364 962
604 865
712 167
130 680
170 172
785 737
170 192
152 169
472 958
919 460
598 437
972 473
1167 348
1398 63
887 463
477 915
219 251
822 551
223 494
1090 406
1102 912
1308 220
732 733
157 149
718 367
831 802
495 963
1075 934
1152 772
1184 768
1010 833
968 421
382 834
97 848
959 855
837 106
1183 758
414 417
719 699
179 179
682 90
1228 656
162 171
1314 921
226 641
202 508
816 774
1255 238
214 191
380 578
1343 413
649 462
240 435
438 103
844 722
981 881
932 455
1444 705
1070 58
677 332
957 860
226 922
834 693
154 797
716 311
916 696
950 586
432 233
1287 529
697 311
799 941
980 546
211 978
220 449
151 901
986 858
1306 215
217 268
353 595
1061 885
1056 173
567 448
646 250
1324 714
660 706
789 148
590 258
289 49
723 323
284 765
1398 799
1172 751
846 889
930 478
235 946
1056 527
961 866
148 673
1326 415
1283 581
373 845
750 690
639 322
529 894
1405 316
1161 788
240 610
1134 176
472 984
250 470
652 117
642 909
206 629
151 190
360 671
327 218
242 600
689 338
631 458
1032 720
980 439
911 292
709 323
320 596
112 832
704 745
238 506
1134 153
979 110
87 387
604 252
192 610
283 966
142 677
259 461
1004 821
887 595
1137 348
1058 387
863 115
83 370
1294 556
1417 251
696 708
247 255
1136 698
993 694
1208 383
1356 153
574 257
1230 172
270 775
829 578
587 702
598 445
1176 938
683 902
345 85
1377 130
1364 927
871 744
1236 659
1130 788
228 620
1050 35
100 229
786 597
255 806
198 813
1172 783
1298 632
1172 138
1229 627
1094 179
876 778
176 472
345 849
544 431
376 851
1280 640
1356 728
204 289
845 558
240 801
256 760
413 241
934 678
390 668
751 901
812 274
366 197
1249 662
479 125
698 179
832 722
832 442
802 585
1030 539
1275 203
280 233
389 579
933 260
752 781
390 606
572 700
1001 718
658 670
676 352
857 161
1402 265
1417 284
647 222
93 370
358 592
706 300
1287 743
757 941
359 707
739 142
615 293
1316 917
1178 744
432 931
1404 822
1338 249
221 778
861 149
475 685
1337 836
1058 980
179 178
713 149
316 848
630 885
361 895
1096 379
522 925
85 345
1162 757
329 679
1389 132
859 590
823 97
684 130
783 557
1311 923
192 267
1352 260
452 146
1024 530
580 665
163 147
268 794
698 966
659 353
1033 714
323 569
96 892
348 52
909 442
284 75
1394 462
710 183
899 251
129 697
499 112
341 397
227 953
339 392
386 394
1360 542
77 673
899 664
815 938
1055 406
1402 144
94 833
333 432
508 730
1387 428
766 909
896 904
340 573
990 55
629 192
66 391
1357 881
57 837
697 163
696 718
1386 407
1417 270
602 902
1394 839
217 611
251 789
148 476
682 691
812 900
1022 79
116 380
1079 994
172 195
1185 764
278 793
1029 910
301 964
1307 201
341 837
823 802
802 816
1069 920
658 150
395 243
365 219
228 603
342 679
131 361
1190 650
984 512
79 858
1173 375
1020 64
341 74
387 272
905 319
1295 936
1244 680
1224 215
1305 640
823 109
399 383
265 781
934 862
847 147
989 549
506 125
206 442
866 688
400 411
1405 762
210 601
476 961
1028 722
1211 366
1178 749
1421 930
725 934
608 438
1018 722
1434 803
126 855
92 839
1094 944
797 132
248 785
994 589
406 392
1036 586
1376 133
458 956
381 138
1303 804
985 547
110 177
99 689
1254 220
712 905
292 94
1357 148
1196 355
639 278
655 123
1388 815
1036 413
1192 238
878 466
715 333
1076 916
191 630
1027 392
153 671
467 123
1372 114
622 250
524 706
808 753
459 339
931 456
214 270
875 141
1320 546
76 871
1131 142
370 846
1399 449
1240 379
1112 927
615 438
822 824
1345 479
1272 577
382 841
521 702
1090 126
1359 120
333 939
1367 762
695 90
1071 935
498 915
1369 808
717 923
1386 429
1043 93
104 709
344 587
439 895
821 140
1370 943
1130 551
753 304
571 473
374 203
459 947
1351 842
1347 562
1143 907
921 742
1200 333
868 774
1247 532
1352 965
976 64
966 527
213 794
801 930
821 163
328 623
1009 845
1138 710
231 945
427 861
802 738
945 399
1097 433
996 600
241 442
1364 713
272 424
861 668
221 624
953 78
987 827
723 922
270 758
900 298
915 696
1352 915
515 92
1004 558
360 583
206 462
229 632
832 673
712 110
383 204
680 730
241 943
825 809
1027 961
240 594
1389 909
1013 602
35 656
449 923
1046 61
1049 713
1386 429
112 381
1303 216
907 909
193 787
1292 545
1069 920
674 209
1066 723
218 623
111 647
241 442
949 282
1322 189
1136 750
1235 668
400 182
389 608
1357 739
368 598
1366 696
411 562
806 559
825 654
173 273
1394 138
499 112
929 469
1062 410
1280 640
644 934
684 354
1106 959
1263 197
654 251
412 391
464 879
130 833
858 777
439 960
220 579
1039 731
1012 869
1036 586
