5000 100 10
1042 573
1045 580
937 598
971 573
997 632
923 580
913 568
949 597
897 539
949 597
906 611
944 597
985 597
953 558
946 598
1054 594
960 593
941 598
985 617
944 628
929 592
944 595
988 580
1038 627
937 579
943 606
883 593
949 586
953 598
892 593
961 538
924 596
981 573
879 520
983 592
958 574
937 592
942 623
948 577
963 572
969 574
982 602
951 589
1002 581
913 655
854 601
990 601
881 646
949 598
950 578
969 616
872 666
826 530
947 595
939 644
947 613
1032 590
964 623
908 656
1012 619
1079 555
1030 596
847 586
937 560
963 597
986 564
948 597
946 518
951 554
935 550
958 574
938 552
973 532
942 647
946 601
809 562
952 597
931 648
952 619
916 585
967 555
980 608
948 597
982 686
943 603
887 579
1003 559
961 559
916 678
941 620
950 596
952 625
959 594
903 591
967 550
951 595
956 610
1016 602
952 594
883 581
1067 645
1109 625
948 597
965 625
959 523
947 597
866 612
857 593
893 581
1081 591
948 597
952 595
923 647
963 555
904 569
937 591
943 594
951 592
931 582
931 647
957 554
1118 632
918 525
825 588
1036 609
953 597
948 596
928 594
963 608
1013 687
845 681
871 628
938 609
920 590
855 561
1018 599
940 641
884 582
969 638
971 600
890 582
999 554
879 590
934 658
951 572
948 596
942 623
936 602
965 562
948 594
947 596
1033 591
939 606
1053 614
931 555
1032 471
955 614
977 528
944 592
1006 617
925 666
890 597
877 593
1003 611
889 559
892 602
1037 639
1048 594
936 551
951 642
967 614
946 549
896 618
945 565
949 596
858 582
918 577
1023 613
924 558
913 565
1084 578
956 574
992 563
947 656
986 641
906 597
948 597
954 599
942 664
942 560
990 588
1091 678
972 590
962 595
890 603
927 648
951 697
918 597
996 602
964 597
930 602
952 599
952 597
932 654
1073 605
944 600
946 613
967 644
953 496
960 595
909 591
946 619
941 579
951 602
910 591
951 566
951 596
951 598
1047 593
910 587
938 599
957 597
947 598
980 553
941 615
905 642
1033 636
884 499
959 543
893 590
985 602
930 608
848 651
929 664
1000 571
1001 654
959 583
1015 597
820 619
943 553
837 587
1018 550
974 587
977 606
937 668
865 600
955 635
1095 639
1033 605
858 623
1055 587
999 611
1092 570
837 605
826 573
868 630
1093 628
924 621
1124 646
955 610
874 589
926 635
925 585
980 536
887 573
918 597
914 564
1003 600
954 596
1041 609
985 585
937 577
934 599
1033 595
1035 518
951 604
1007 600
922 587
924 619
944 596
911 550
975 601
877 599
973 597
932 593
850 533
932 602
946 599
991 583
936 590
959 605
892 587
932 596
937 598
908 596
1057 618
930 576
932 610
1049 586
988 559
1258 331
1258 331
1277 346
1256 334
1189 234
1325 441
1251 328
1224 282
1251 325
1257 329
1230 273
1265 325
1303 383
1259 348
1258 338
1268 350
1239 316
1261 340
1257 325
1259 331
1261 327
1255 324
1225 296
1251 337
1258 333
1270 332
1258 330
1366 495
1287 366
1257 330
1253 337
1264 331
1261 324
1258 336
1251 330
1237 314
1240 312
1282 364
1252 313
1263 345
1269 343
1259 333
1250 322
1286 360
1278 368
1256 332
1259 326
1278 355
1250 332
1218 258
1261 342
1259 330
1270 340
1248 323
1303 408
1221 271
1255 331
1260 333
1260 324
1293 384
1261 331
1275 360
1254 337
1256 345
1267 356
1262 343
1252 314
1261 327
1201 250
1248 328
1247 326
1269 349
1241 317
1282 367
1296 391
1248 324
1269 345
1270 358
1254 337
1378 507
1253 335
1294 381
1172 213
1187 215
1248 298
1256 333
1229 299
1251 318
1256 328
1266 337
1260 327
1257 329
1276 369
1258 332
1251 328
1293 383
1273 357
1257 334
1262 319
1261 347
1309 401
1260 326
1267 361
1282 349
1234 280
1294 397
1251 332
1256 338
1266 331
1257 324
1207 270
1251 337
1267 338
1249 303
1253 332
1264 326
1241 320
1256 328
1248 329
1269 359
1269 333
1224 290
1228 286
1251 334
1258 330
1236 309
1267 327
1256 323
1256 313
1248 322
1278 349
1274 338
1266 329
1217 285
1255 340
1266 326
1261 327
1258 331
1297 392
1277 358
1262 322
1266 343
1261 348
1283 360
1321 415
1281 363
1285 385
1234 304
1230 297
1264 332
1241 315
1260 332
1307 395
1213 262
1258 333
1222 293
1278 346
1263 336
1257 330
1255 331
1252 328
1265 333
1208 268
1296 388
1243 310
1257 326
1263 330
1272 346
1315 411
1272 354
1221 262
1287 365
1258 332
1223 293
1271 336
1247 322
1278 358
1307 388
1246 319
1258 332
1262 333
1254 338
1319 419
1255 336
1262 341
1262 333
1260 344
1260 338
1230 295
1256 324
1258 330
1261 331
1273 349
1261 328
1255 330
1276 375
1256 329
1315 420
1200 259
1256 324
1266 333
1264 330
1253 325
1259 329
1258 333
1257 331
1319 413
1302 390
1304 385
1263 347
1262 328
1269 329
1208 251
1262 331
1308 405
1252 309
1247 322
1257 319
1270 356
1247 317
1270 359
1273 370
1257 329
1261 331
1263 328
1251 305
1277 348
1276 343
1296 389
1257 335
1261 330
1259 333
1229 276
1253 330
1258 340
1253 339
1254 314
1259 325
1255 327
1246 326
1263 346
1246 310
1250 331
1256 333
1258 331
1265 333
1250 336
1288 365
1268 331
1201 259
1293 378
1254 323
1251 322
1256 329
1261 322
1249 328
1257 330
1258 331
1258 331
1261 332
1261 331
1265 351
1239 299
1258 331
1262 344
1255 329
1192 238
1254 339
1245 324
1265 327
1234 278
1288 381
1258 325
1228 291
1261 332
1247 302
1247 327
1254 330
1253 337
1262 351
1284 362
1272 349
1245 296
1257 328
1269 339
1277 342
1257 329
1251 315
1259 335
1273 347
1234 294
1214 249
1261 334
1229 301
1256 329
1267 330
1252 332
1263 330
1257 335
1329 446
1258 335
1265 339
1272 342
1257 312
1256 322
1258 331
1254 326
1248 308
1267 333
1256 340
1257 333
1271 340
1297 381
1262 324
1236 304
1257 328
593 849
637 845
630 817
704 882
681 856
579 764
648 802
579 763
594 821
665 811
652 808
661 831
679 815
601 819
650 802
667 804
736 843
695 835
544 836
647 835
553 840
694 785
653 817
658 825
663 854
627 821
674 806
718 820
652 817
611 781
652 818
696 815
635 779
611 760
743 881
771 810
686 816
710 882
654 809
637 819
686 826
659 826
657 776
736 855
624 793
656 822
639 831
565 810
743 827
698 794
700 862
643 762
622 848
639 747
654 824
694 784
645 816
640 796
618 836
755 813
621 826
719 818
658 821
666 813
592 756
703 821
647 819
641 858
654 806
620 818
647 839
646 765
638 819
591 848
622 816
798 864
649 849
691 814
685 847
618 781
656 828
668 818
650 819
641 836
593 844
654 824
722 812
610 777
621 841
606 823
691 799
688 759
582 757
663 812
614 820
632 846
744 844
637 791
727 825
700 828
631 818
649 818
667 822
654 816
665 767
655 814
652 819
653 819
655 819
720 836
702 852
656 885
655 802
692 811
627 782
586 815
658 810
682 840
624 824
646 804
639 835
573 822
721 838
674 895
753 817
541 730
645 801
639 823
660 780
624 824
641 803
624 779
668 858
639 797
650 862
644 796
647 815
637 780
663 784
653 760
650 826
625 855
666 751
633 824
629 804
631 814
742 863
657 874
516 757
657 844
667 775
739 801
628 822
648 806
772 863
628 779
655 817
666 799
606 833
669 820
676 807
636 813
673 819
671 793
681 817
743 820
647 808
676 878
642 844
662 753
615 742
647 818
626 816
600 779
828 865
704 837
676 801
649 788
615 801
654 826
611 803
625 808
743 839
611 820
592 822
652 816
717 879
697 853
634 815
711 807
667 790
652 807
659 819
795 893
685 894
633 817
630 790
633 824
576 730
647 816
599 818
654 818
704 870
602 840
650 828
717 821
622 817
612 821
642 788
624 848
623 772
632 834
604 823
643 867
579 829
723 810
664 767
660 820
663 822
630 822
618 831
604 828
675 812
654 839
668 827
645 871
681 796
652 815
654 802
651 806
614 844
636 793
651 805
583 847
652 837
608 846
741 835
740 878
679 848
575 834
646 746
668 847
590 839
605 747
589 841
687 816
571 815
675 851
682 823
649 772
668 825
690 770
733 850
608 779
674 796
603 816
654 855
670 852
627 824
745 810
542 820
642 786
737 812
734 861
651 887
643 781
695 828
721 851
664 845
747 803
615 821
704 846
779 849
644 798
675 844
561 829
634 817
700 794
689 788
665 773
737 802
661 811
622 833
619 768
619 786
668 820
640 838
658 809
693 817
643 869
621 820
663 841
571 843
663 836
639 802
546 829
718 828
618 871
699 799
653 817
658 837
590 827
548 837
716 773
760 842
633 746
616 850
584 803
724 850
767 805
670 848
656 852
686 786
653 815
1220 781
1293 754
1176 813
1373 727
1300 772
1257 779
1304 815
1244 795
1272 735
1261 785
1325 681
1262 760
1291 763
1290 761
1273 752
1224 805
1341 742
1261 765
1241 776
1280 763
1320 729
1306 781
1233 729
1294 733
1307 812
1284 830
1346 738
1300 678
1313 767
1218 811
1293 742
1303 739
1353 765
1279 732
1300 681
1231 802
1381 734
1204 756
1295 763
1277 768
1319 767
1320 769
1300 792
1291 757
1341 800
1302 761
1311 760
1284 833
1292 729
1274 717
1302 727
1352 688
1282 777
1215 787
1261 741
1252 743
1384 756
1348 728
1310 757
1317 766
1320 768
1318 758
1372 713
1353 777
1287 743
1283 761
1325 710
1328 748
1245 753
1290 762
1297 673
1287 778
1278 735
1315 797
1364 775
1280 762
1257 767
1332 779
1277 752
1315 779
1318 754
1239 742
1298 736
1239 767
1310 695
1331 771
1281 777
1258 791
1291 716
1371 764
1268 766
1186 782
1278 758
1307 736
1331 793
1255 816
1259 757
1299 841
1288 733
1294 771
1262 777
1292 762
1317 758
1299 762
1336 750
1281 740
1252 753
1241 767
1290 757
1358 752
1154 846
1377 732
1244 713
1271 793
1239 741
1380 681
1376 712
1286 765
1268 760
1334 794
1274 797
1294 791
1332 820
1274 769
1371 741
1322 745
1307 764
1283 759
1293 774
1220 830
1363 704
1264 726
1319 822
1250 755
1306 814
1283 738
1343 760
1263 793
1341 804
1328 677
1250 701
1298 817
1284 748
1248 818
1283 754
1328 711
1295 776
1294 838
1291 765
1264 762
1292 761
1334 769
1289 763
1250 753
1353 770
1296 732
1257 699
1295 744
1324 759
1287 762
1332 732
1295 768
1287 761
1290 779
1314 792
1368 713
1335 749
1282 769
1290 762
1280 786
1311 787
1363 767
1296 760
1282 759
1378 751
1269 759
1242 781
1321 795
1295 762
1179 861
1263 819
1287 763
1365 733
1271 690
1290 740
1359 746
1301 747
1314 794
1230 762
1256 761
1353 748
1316 679
1333 742
1300 744
1289 780
1372 759
1285 758
1282 759
1252 744
1316 799
1301 754
1184 828
1379 768
1290 761
1234 789
1293 715
1236 771
1317 755
1290 756
1341 754
1237 767
1316 728
1319 793
1283 763
1268 767
1369 781
1237 731
1312 737
1290 818
1395 730
1291 775
1248 724
1306 754
1280 717
1324 816
1308 789
1291 812
1257 790
1321 761
1269 762
1291 789
1283 744
1315 758
1257 785
1286 843
1278 763
1306 745
1375 685
1293 779
1286 767
1285 773
1274 691
1258 733
1298 764
1324 750
1272 764
1228 790
1257 744
1360 745
1302 759
1335 766
1235 762
1208 750
1263 765
1365 768
1285 757
1340 776
1266 715
1178 832
1293 767
1311 739
1240 777
1276 768
1258 757
1295 763
1288 760
1298 722
1291 749
1206 793
1292 763
1288 832
1300 760
1288 768
1226 767
1286 689
1308 774
1239 761
1291 793
1217 748
1357 742
1287 758
1333 768
1196 824
1289 729
1293 784
1261 727
1292 757
1250 739
1287 757
1301 765
1292 777
1284 770
1270 764
1321 809
1259 782
1261 702
1302 769
1293 758
1338 801
1360 784
1273 732
1295 764
1281 802
1234 796
1282 763
1270 766
1188 805
1284 761
1236 796
1292 763
1275 757
1314 725
1252 722
1290 772
1290 761
1251 742
1256 763
1276 767
1351 168
1350 164
1345 160
1355 131
1317 165
1333 170
1375 139
1422 156
1406 128
1284 112
1411 206
1364 160
1333 149
1309 168
1325 159
1310 220
1300 161
1374 134
1335 162
1257 183
1306 156
1376 183
1296 179
1354 196
1318 160
1341 140
1342 147
1335 166
1363 166
1395 213
1356 167
1336 162
1374 213
1319 162
1400 155
1371 131
1312 208
1297 148
1341 166
1386 219
1267 175
1319 123
1310 222
1356 144
1344 121
1346 166
1334 113
1263 155
1356 156
1347 156
1366 126
1343 168
1334 133
1334 164
1299 150
1353 166
1333 163
1361 175
1315 163
1330 170
1344 164
1350 159
1364 175
1315 193
1351 145
1301 149
1359 179
1368 202
1358 168
1337 114
1328 160
1312 185
1349 211
1334 162
1403 210
1356 177
1331 168
1283 189
1346 204
1351 168
1390 179
1335 163
1376 167
1387 115
1399 177
1259 91
1354 164
1293 174
1276 163
1319 171
1346 185
1328 151
1347 157
1336 159
1420 170
1345 144
1327 200
1405 157
1356 156
1354 165
1352 176
1348 169
1431 166
1323 185
1294 139
1322 182
1351 161
1320 196
1289 159
1319 176
1299 196
1326 171
1330 119
1392 172
1303 139
1335 164
1329 126
1366 155
1224 141
1278 138
1309 180
1338 166
1340 163
1386 164
1334 115
1312 157
1383 179
1276 145
1367 146
1239 165
1371 162
1348 155
1222 146
1368 127
1384 168
1235 150
1333 173
1324 177
1335 164
1274 185
1316 145
1335 164
1349 163
1341 197
1406 131
1346 177
1334 171
1326 156
1377 140
1334 161
1286 209
1368 162
1284 145
1279 174
1356 178
1416 168
1425 152
1254 110
1342 84
1324 189
1394 152
1378 252
1337 163
1289 182
1272 166
1323 162
1324 156
1303 122
1311 133
1286 122
1347 164
1346 159
1375 191
1322 159
1332 207
1354 253
1344 134
1309 196
1369 226
1364 109
1286 190
1328 165
1405 158
1303 193
1243 154
1338 195
1339 164
1455 260
1295 174
1329 169
1378 128
1389 139
1360 160
1328 118
1371 166
1378 165
1384 180
1345 175
1246 135
1336 118
1363 186
1453 218
1363 168
1343 167
1333 163
1363 184
1256 170
1293 176
1344 165
1387 126
1335 163
1369 163
1335 166
1281 192
1335 164
1276 88
1311 153
1433 168
1347 143
1370 160
1368 192
1449 177
1313 224
1311 183
1313 160
1348 149
1360 134
1343 140
1450 178
1350 117
1313 168
1335 169
1388 160
1333 130
1341 166
1386 168
1331 91
1292 158
1331 135
1325 156
1357 142
1378 219
1335 163
1234 109
1350 163
1352 213
1288 174
1309 149
1323 139
1329 168
1368 149
1332 120
1344 151
1318 198
1357 167
1329 167
1327 179
1325 170
1383 109
1377 158
1317 155
1360 171
1327 221
1285 125
1305 190
1414 193
1313 174
1372 109
1332 126
1395 160
1343 234
1340 164
1335 130
1348 145
1301 126
1314 154
1337 133
1320 130
1332 122
1401 183
1338 152
1331 148
1295 157
1386 241
1357 149
1263 100
1341 155
1329 183
1429 178
1379 196
1368 164
1320 161
1328 166
1343 201
1351 115
1268 139
1331 191
1242 168
1337 140
1266 145
1330 168
1362 169
1299 155
1333 177
1321 156
1335 168
1395 149
1277 196
1357 166
1383 158
1274 195
1413 159
1390 157
1278 170
1405 185
1302 214
1358 180
1334 161
1356 225
1332 115
1241 171
1309 146
1324 228
1345 149
1315 165
534 592
495 610
636 648
564 577
548 580
454 581
641 585
504 597
449 569
581 608
533 585
645 639
445 586
545 615
536 593
498 578
527 563
518 591
575 606
594 615
533 588
531 589
531 586
678 638
533 572
524 601
465 595
554 616
524 585
515 554
574 594
538 587
510 604
519 602
594 603
532 589
523 621
576 575
542 584
575 604
563 569
617 603
477 567
555 602
529 613
514 582
525 602
466 578
513 571
649 587
511 576
530 581
524 554
534 591
562 577
499 605
577 601
520 593
504 583
470 595
533 558
533 566
421 529
522 592
541 589
552 627
524 559
490 577
524 581
526 585
476 593
554 604
510 578
461 586
583 569
586 577
638 601
529 588
561 596
477 588
527 589
518 593
532 560
560 573
525 588
511 585
542 584
374 573
519 574
553 589
536 582
556 574
647 618
434 558
505 569
589 576
452 584
541 593
445 589
509 590
559 571
634 600
528 584
460 543
538 605
531 583
508 614
515 562
561 621
616 617
468 591
539 598
531 585
567 574
532 590
549 557
582 577
578 576
520 551
540 596
439 543
515 587
710 621
523 564
503 587
497 575
534 585
549 557
410 547
645 631
497 586
466 597
502 545
564 591
541 601
508 603
586 581
505 596
536 599
606 631
531 565
536 581
583 593
521 591
535 588
524 578
518 594
532 595
453 588
539 608
354 550
573 569
503 540
450 550
504 592
610 592
646 604
520 574
511 596
546 592
540 552
657 600
504 593
606 597
537 584
575 585
504 560
632 638
570 576
604 606
478 591
528 560
514 594
476 553
492 544
530 580
565 575
533 584
531 587
551 588
647 617
444 554
528 579
575 618
539 593
520 587
556 596
434 582
442 582
520 590
505 597
455 595
442 539
588 585
534 590
531 586
562 582
531 586
530 589
538 606
417 562
477 599
546 586
543 583
553 616
500 550
579 583
486 554
540 620
571 633
515 573
519 575
490 541
495 596
595 590
517 603
552 570
561 570
532 611
518 591
536 584
536 592
514 565
527 572
474 555
522 589
519 584
628 612
530 584
528 588
539 582
521 618
562 578
652 607
541 603
496 559
535 587
534 624
512 556
560 567
480 574
545 588
474 594
553 580
437 542
525 575
531 586
508 601
514 556
505 548
542 603
604 623
566 573
522 555
422 529
549 589
587 568
549 582
526 590
550 557
453 541
509 543
572 594
552 598
432 582
547 607
484 544
496 593
536 584
535 560
500 588
545 611
461 566
525 595
510 587
518 568
527 585
474 567
504 592
447 541
525 587
521 578
535 567
533 584
531 586
510 588
555 576
604 578
459 541
453 594
488 582
528 585
529 580
623 615
509 589
523 580
471 588
540 550
511 581
577 578
540 577
466 568
558 600
520 545
459 580
480 544
536 609
443 582
512 571
526 608
551 596
506 552
636 624
465 550
347 560
530 582
542 602
511 583
541 601
517 587
555 594
642 598
573 567
635 580
578 622
540 598
286 360
269 362
292 343
278 304
390 398
273 373
337 301
267 357
226 359
260 371
264 382
259 357
250 366
275 354
366 300
296 381
264 364
267 318
302 364
238 359
218 326
317 335
211 364
250 397
295 337
287 351
246 448
286 453
312 387
311 338
253 364
330 374
222 344
268 388
261 377
244 359
292 378
203 375
351 392
260 359
350 336
192 452
261 363
281 356
233 374
278 345
251 395
280 385
266 384
257 361
266 383
228 378
285 372
258 364
262 355
240 289
244 369
252 361
331 412
319 377
216 368
273 372
281 424
277 366
271 361
283 344
291 374
229 329
240 334
256 345
293 376
249 321
267 328
254 329
306 369
198 365
334 302
220 364
271 366
267 357
293 347
229 300
265 362
266 427
239 424
244 307
184 407
257 358
249 323
221 365
257 359
251 367
369 312
221 347
169 388
302 404
209 321
339 455
246 353
313 329
250 345
263 355
286 380
210 375
266 379
262 415
278 366
205 377
311 358
310 369
270 356
291 356
317 350
247 360
285 441
203 354
271 369
286 322
267 353
285 334
291 351
160 389
260 379
258 363
249 354
264 389
280 389
282 355
255 377
272 376
209 362
299 371
292 384
199 395
265 369
219 360
222 337
314 318
273 378
266 361
260 352
292 365
334 351
243 372
269 453
275 379
294 396
268 305
241 375
312 281
260 362
250 312
309 393
253 361
292 343
225 291
224 342
246 441
274 376
233 352
294 392
275 395
290 377
248 369
274 359
266 356
171 339
294 369
241 368
298 342
161 398
224 359
296 382
274 428
226 358
230 309
269 357
148 333
242 322
277 358
267 366
128 374
241 394
288 370
165 375
248 376
278 332
312 335
340 308
261 364
296 346
311 315
215 400
226 341
223 357
279 331
265 368
274 409
205 368
276 364
223 342
259 392
329 346
203 334
227 391
324 356
241 366
297 371
250 365
284 339
255 348
247 348
242 367
259 377
286 346
277 368
288 389
299 355
289 375
326 369
311 339
234 355
290 408
273 331
168 339
119 375
250 351
219 354
263 359
235 386
246 364
174 373
237 345
268 388
274 363
255 408
263 354
267 336
194 354
235 296
263 361
202 317
265 379
311 334
288 334
346 423
250 387
268 368
260 330
212 370
262 348
249 324
253 388
249 394
283 332
197 314
304 354
249 325
253 357
265 361
263 366
197 331
341 308
269 446
331 291
246 360
296 354
219 339
185 405
255 330
273 360
154 370
306 387
258 298
273 387
234 366
261 367
280 385
265 362
193 347
228 407
291 377
283 383
284 361
264 321
311 348
252 361
222 342
232 341
279 344
279 359
306 330
192 371
262 345
181 317
291 420
279 366
177 330
197 374
271 365
195 478
265 363
290 358
244 272
248 328
268 375
328 339
251 377
299 349
266 426
281 375
271 403
259 443
251 315
244 383
195 338
281 334
259 317
244 387
261 331
253 337
264 366
324 370
256 364
276 367
281 374
335 367
257 360
266 360
353 331
337 373
249 357
344 344
266 354
1050 368
963 415
969 408
987 378
1006 442
956 404
987 414
951 395
977 407
954 419
1066 415
955 388
978 415
943 385
902 423
884 406
1079 394
967 344
1025 382
953 419
973 413
940 407
922 442
963 409
980 407
998 400
878 417
969 417
1088 404
878 420
1029 433
982 419
934 407
969 394
939 460
944 454
968 389
927 405
968 402
967 410
989 391
877 406
1000 430
873 425
906 399
1020 450
934 341
1121 451
947 426
882 398
857 440
983 410
1042 433
1115 483
979 414
992 405
1047 433
954 392
959 409
1033 453
965 418
985 423
992 377
902 359
982 459
971 436
909 445
1077 378
920 412
978 416
956 377
843 392
950 409
996 468
934 430
962 436
969 413
994 380
930 464
991 351
972 411
973 414
976 425
970 387
988 443
955 390
1068 390
929 456
863 460
973 412
865 418
968 431
918 358
977 475
1020 424
963 398
905 408
941 426
916 414
1091 334
881 370
1085 413
958 467
942 429
983 387
998 375
895 409
983 417
979 414
821 420
960 375
963 411
904 413
1024 423
946 386
957 462
988 421
1017 439
883 398
1002 428
969 413
910 394
958 412
1008 389
975 413
1034 420
904 481
939 442
978 437
1045 467
955 401
960 424
969 402
925 435
1025 412
949 387
978 424
783 414
972 417
972 413
908 437
837 369
966 443
1083 494
1057 406
1031 402
863 387
1060 427
983 431
970 420
1002 415
907 411
977 375
997 437
1045 447
1082 484
931 463
965 398
980 434
900 451
1009 419
995 439
914 445
969 384
976 410
1023 487
962 414
962 424
883 455
836 381
970 416
956 466
965 430
979 383
973 416
1079 457
900 467
859 419
972 376
923 464
930 409
965 399
960 440
1070 385
974 413
1039 400
871 361
986 334
972 415
1036 409
970 362
888 411
969 413
948 409
898 420
1034 400
992 382
995 420
974 411
965 413
979 347
931 329
969 389
898 363
972 416
975 406
976 386
989 351
1026 423
1000 437
987 408
918 350
970 413
1020 419
1003 506
1028 428
945 450
990 404
969 413
975 406
991 468
970 420
944 472
948 376
972 412
1036 431
1099 348
954 433
1037 420
974 401
983 363
964 382
972 418
922 417
1024 334
970 411
999 441
838 347
978 402
993 401
1090 467
983 382
766 437
959 428
975 382
912 377
955 377
1039 437
966 421
969 380
879 405
1076 426
978 416
956 454
980 419
1049 404
890 455
1032 379
929 393
924 455
953 465
955 435
1040 437
951 445
965 330
924 381
970 371
906 451
952 476
974 405
1158 387
996 464
897 467
950 465
1003 386
1074 396
1034 415
970 400
971 414
947 419
918 432
1003 456
932 415
972 416
897 390
1034 389
946 467
957 410
926 435
990 421
928 422
975 413
884 382
932 462
967 386
985 411
954 465
968 414
1020 337
968 414
1021 478
1008 359
943 428
949 408
1133 394
972 413
896 361
1034 478
988 416
1080 399
938 456
997 370
951 429
1030 423
973 423
989 387
941 393
924 402
989 394
971 392
1004 404
1050 432
1069 454
1020 386
987 434
1034 405
950 445
988 431
976 379
958 435
944 404
966 446
984 418
1010 381
965 418
952 437
1049 372
986 452
308 923
527 881
427 871
331 858
355 871
344 894
380 878
335 909
384 879
389 914
445 841
352 894
468 854
385 894
349 858
393 852
391 834
361 910
367 911
450 897
352 901
384 883
413 886
392 858
363 898
482 874
434 911
361 876
430 830
389 864
329 884
472 897
349 802
375 920
457 879
347 866
304 951
359 889
415 841
354 877
377 878
434 856
321 842
436 862
386 880
394 911
447 882
409 925
386 902
346 905
459 933
411 933
423 884
382 877
391 908
372 891
404 883
398 868
373 864
354 904
363 831
466 937
368 855
379 895
345 876
370 891
325 913
403 853
321 898
510 901
375 847
294 906
408 897
297 900
385 878
295 905
480 889
380 886
356 857
360 914
442 858
378 879
354 909
445 941
406 871
379 874
385 891
356 870
404 974
373 873
420 882
325 803
316 916
416 853
428 887
455 851
402 904
426 896
395 922
391 890
421 913
463 896
402 851
386 877
493 883
469 805
302 923
357 937
392 894
392 879
342 885
396 839
444 885
358 877
419 859
378 878
461 913
397 781
378 879
462 840
404 880
389 922
340 767
384 864
434 895
439 838
368 857
374 877
386 918
409 861
430 879
384 944
470 901
409 836
387 915
377 878
346 852
422 846
367 879
295 884
377 878
257 894
300 835
352 971
409 879
359 882
288 886
315 856
186 891
415 798
492 894
364 878
373 867
349 838
381 878
309 905
360 878
383 807
351 887
485 872
425 850
380 899
369 865
364 843
395 861
419 988
385 854
378 878
386 874
414 857
419 923
431 918
383 881
401 954
405 869
379 878
443 880
357 929
356 925
414 845
219 951
359 876
370 896
410 898
313 858
487 875
383 850
368 948
402 870
371 896
403 916
405 890
366 894
404 883
422 844
349 927
349 874
370 922
273 899
250 872
373 871
379 872
401 865
386 871
323 878
417 846
383 881
384 845
344 935
395 898
374 822
328 870
380 880
552 926
437 876
383 884
390 877
352 893
330 858
346 953
378 875
403 833
371 846
521 948
453 881
373 878
371 878
470 862
379 881
361 893
402 940
405 915
364 908
288 819
414 926
334 867
352 969
410 904
466 875
379 848
484 843
346 912
454 901
367 872
352 882
377 890
360 889
388 848
375 882
404 916
385 880
351 862
357 891
383 879
335 875
382 864
384 875
339 882
462 865
390 879
419 930
359 871
423 882
389 878
372 916
351 859
361 922
416 894
285 831
388 893
410 804
411 927
393 881
348 873
374 801
327 894
374 893
378 858
424 882
374 867
490 888
449 881
410 852
398 840
380 878
210 876
257 867
392 883
463 876
343 882
322 810
398 897
384 875
327 885
347 871
425 896
339 877
400 859
394 913
415 893
358 870
358 870
311 895
339 869
399 882
263 839
458 943
382 900
409 817
385 847
498 872
430 899
361 900
369 851
271 881
348 910
371 887
469 857
416 925
344 886
388 880
453 957
359 846
443 914
482 869
374 918
343 858
344 882
376 883
332 899
387 886
384 844
389 826
398 855
379 885
329 895
321 888
354 887
384 832
403 880
294 848
461 181
517 68
511 171
397 160
502 177
377 123
445 185
591 166
531 188
477 191
493 152
425 182
457 105
457 114
504 170
318 186
483 95
488 176
505 171
462 129
463 94
601 187
531 200
530 182
564 172
496 170
503 177
436 116
577 128
564 169
550 155
521 189
452 156
544 158
365 176
459 103
525 173
570 248
308 197
554 117
585 92
523 157
533 169
505 194
434 147
483 171
488 165
601 92
497 156
493 186
487 150
522 208
471 182
532 157
501 170
504 171
484 173
483 151
565 161
547 203
501 165
521 202
458 191
567 230
492 113
487 160
540 224
562 193
518 223
502 166
420 132
622 86
458 130
508 100
504 173
368 157
577 79
544 156
385 113
628 150
538 159
495 166
545 162
528 179
560 154
520 175
505 171
569 168
500 189
544 185
489 146
521 164
474 180
504 169
495 106
490 151
511 211
566 157
543 154
502 199
500 164
668 170
415 195
546 186
416 158
503 165
597 193
541 196
568 156
471 185
495 181
523 197
529 162
525 142
545 159
509 174
555 201
430 228
526 191
470 165
603 143
502 169
422 220
574 204
559 192
511 170
550 223
494 169
474 139
516 152
544 203
454 151
538 249
425 170
513 160
521 197
487 147
596 214
646 142
546 172
479 182
402 147
613 177
562 117
558 234
570 81
364 184
387 182
513 159
583 157
457 185
509 187
533 137
463 119
375 170
419 124
630 130
409 192
527 177
458 166
482 215
553 151
462 108
585 231
500 167
441 182
483 133
528 226
424 203
679 140
488 139
589 121
494 167
488 173
479 178
521 167
474 193
582 150
493 157
538 179
519 169
470 150
602 187
542 155
520 169
540 222
593 150
506 143
515 166
535 81
498 161
527 154
536 123
466 92
440 172
480 173
446 182
442 230
504 185
541 222
488 175
559 195
477 231
436 192
389 119
480 170
488 97
508 169
505 164
485 173
524 149
532 217
535 177
494 150
522 174
456 175
467 182
439 190
481 201
500 166
557 119
424 246
545 125
700 187
582 153
633 224
405 159
526 222
445 139
555 139
541 172
576 190
571 237
555 168
613 163
523 154
510 166
508 174
430 189
486 156
599 163
506 176
564 138
391 150
504 176
652 120
527 204
426 261
533 158
514 170
543 229
434 149
591 189
627 137
521 179
487 177
514 164
509 173
497 170
424 190
435 158
510 176
480 151
600 114
499 178
504 147
499 177
503 172
516 212
488 228
450 200
445 113
484 207
579 171
424 70
437 189
444 187
484 151
514 175
513 167
591 113
389 152
504 156
490 160
421 188
448 174
438 191
480 69
499 187
461 205
530 242
461 251
540 191
496 178
390 115
492 184
652 114
464 100
495 167
532 166
456 204
482 181
510 175
515 168
524 288
484 139
505 170
480 128
459 130
446 232
525 157
419 165
539 201
465 97
525 149
526 187
566 174
404 201
432 220
520 149
524 53
516 162
502 175
460 200
514 184
522 181
547 156
490 165
509 169
507 97
458 132
406 111
510 140
419 159
490 177
460 183
432 197
383 192
396 188
561 199
600 273
511 162
259 565
219 616
208 580
179 625
160 554
291 577
193 618
152 586
174 561
159 538
208 597
226 597
214 580
272 527
281 557
221 580
245 639
108 657
49 588
227 598
244 584
215 577
107 597
261 542
330 547
232 608
212 574
214 585
213 592
187 645
218 580
132 629
277 597
166 550
221 558
217 578
201 597
150 627
218 579
204 585
232 549
91 632
238 597
232 559
223 567
228 575
223 568
318 547
302 569
281 600
287 607
226 580
213 572
159 640
224 570
176 569
215 648
218 592
197 603
121 533
216 578
317 625
31 593
185 602
316 597
177 591
218 634
278 595
169 625
216 563
345 613
216 589
216 579
146 638
242 600
206 591
215 588
224 579
196 562
218 580
218 592
269 600
246 588
311 575
213 569
220 552
244 523
106 567
209 554
182 573
233 603
281 607
235 569
46 580
180 626
324 598
170 542
181 582
199 571
222 551
222 579
175 553
214 576
215 579
282 502
165 607
197 541
183 588
220 576
218 617
271 594
164 632
248 559
217 555
109 624
148 550
240 585
231 534
350 568
225 558
237 538
171 552
199 547
216 643
217 580
172 587
248 546
408 551
211 580
190 624
296 586
325 613
282 569
239 551
176 551
261 523
287 567
239 592
270 534
150 552
226 560
261 596
165 620
261 585
183 584
222 571
185 557
196 551
220 569
216 580
212 578
223 579
176 537
216 635
187 615
292 507
177 568
276 572
249 612
221 539
227 574
244 599
239 587
259 593
200 634
404 578
235 587
203 582
250 591
237 560
202 612
243 571
271 637
146 534
156 544
232 566
265 601
272 535
214 585
219 561
116 548
230 585
174 585
149 524
213 599
229 599
406 570
169 556
161 625
248 593
323 628
182 529
152 623
303 560
183 573
282 563
224 543
174 561
149 611
218 579
206 558
59 553
177 630
194 529
316 592
324 598
218 550
219 588
173 618
119 550
251 513
253 611
233 579
350 541
248 585
222 561
215 544
252 560
204 604
222 577
135 581
205 580
200 560
191 591
330 613
219 574
231 582
263 585
205 578
259 539
348 598
136 631
242 564
309 557
208 580
243 574
219 583
230 588
229 647
276 553
289 568
219 580
268 569
245 593
230 581
214 553
254 520
200 648
287 555
221 595
278 580
316 536
204 602
261 582
216 582
211 559
200 614
225 631
101 559
147 599
124 577
161 572
312 560
228 585
332 614
218 571
345 616
236 561
224 560
225 619
289 558
86 648
215 579
217 581
126 589
319 600
147 625
227 583
148 555
204 585
154 604
211 566
222 573
222 580
215 584
225 573
310 598
210 540
204 591
267 583
258 566
202 568
139 600
205 590
149 593
364 543
197 574
223 582
185 576
207 617
255 610
191 589
89 610
75 545
164 564
204 588
283 593
379 544
279 619
331 556
216 578
226 588
159 556
181 618
168 552
219 610
282 558
165 613
187 565
223 538
120 552
216 579
243 577
223 581
154 603
257 599
240 580
412 582
161 616
217 576
303 579
317 515
241 558
122 537
256 584
207 574
188 583
187 574
179 562
213 580
191 587
365 615
235 600
218 570
54 630
231 577
170 547
799 187
777 169
745 201
797 207
889 203
794 185
849 214
796 184
724 196
794 176
749 167
792 187
734 174
803 177
785 184
723 181
900 226
853 150
800 182
851 168
747 196
812 207
817 176
877 198
654 100
862 216
862 178
817 209
760 211
765 173
792 181
731 118
895 195
793 183
807 197
785 188
791 200
868 172
788 213
866 230
789 181
805 184
805 146
840 184
807 183
706 176
818 158
793 212
800 192
769 225
831 187
797 229
838 185
798 181
856 218
801 148
797 184
794 185
804 233
712 106
686 154
814 167
799 185
796 153
806 238
743 192
812 177
799 181
801 181
688 118
839 254
792 156
744 207
798 180
800 155
770 129
784 201
809 154
757 165
820 192
773 197
759 206
737 159
737 106
905 195
808 155
736 197
760 128
799 194
754 153
821 128
797 174
809 180
768 179
780 130
807 144
817 183
783 214
800 154
792 147
776 183
786 169
788 183
857 157
817 217
764 182
804 176
894 189
771 127
717 132
840 209
685 57
817 183
778 185
796 236
795 182
774 180
830 160
800 183
793 166
742 169
768 152
811 158
792 182
817 188
795 173
777 212
798 181
788 218
802 127
764 171
841 207
848 170
778 198
780 179
766 180
858 163
800 147
810 185
839 179
831 221
779 173
815 144
902 222
736 189
729 201
771 187
738 186
755 179
798 183
770 214
761 176
744 111
784 178
807 198
745 84
778 166
811 181
817 169
682 128
808 190
787 179
806 171
805 228
801 125
799 181
797 179
804 188
758 116
793 153
757 178
850 179
743 185
817 260
775 197
838 180
761 156
829 207
856 181
812 193
816 180
717 109
777 162
808 228
798 175
785 176
791 155
733 153
804 181
710 163
767 205
932 219
881 175
828 209
807 231
803 151
740 135
797 173
813 143
880 228
884 224
822 170
769 171
815 160
791 172
806 144
763 186
837 153
802 230
778 106
779 178
780 178
814 172
755 158
797 186
763 204
799 180
726 78
815 216
784 204
754 166
817 184
762 204
793 165
762 127
751 130
788 170
789 190
780 181
843 202
793 202
771 120
742 146
792 227
849 232
830 181
828 185
817 192
846 186
797 188
775 197
807 180
807 162
805 232
696 163
749 170
754 212
763 181
793 181
849 185
820 183
780 196
855 229
804 176
904 218
797 182
856 189
844 184
798 180
796 201
823 249
828 222
830 249
755 168
850 200
794 177
776 207
750 180
799 184
835 183
849 182
769 159
889 187
863 191
810 203
822 228
802 182
698 158
781 198
807 215
752 185
779 146
782 185
794 234
815 184
831 163
786 163
807 173
876 211
857 204
797 182
925 226
799 174
744 196
782 190
742 196
739 183
801 182
878 169
783 175
808 179
802 190
714 159
816 182
835 179
810 185
814 202
789 200
817 139
901 215
809 196
764 152
760 111
791 246
759 221
842 221
854 187
788 172
786 193
825 192
756 217
775 177
818 252
743 199
823 258
765 175
722 180
711 154
771 223
781 171
808 192
940 264
876 221
844 175
729 180
814 182
837 223
847 187
785 222
812 182
862 163
802 180
795 180
785 200
837 169
802 166
767 208
843 186
866 177
637 410
656 424
672 469
667 394
609 422
582 338
555 407
625 417
617 417
730 398
628 421
697 416
615 407
644 411
798 446
666 467
603 423
623 419
705 404
608 453
709 398
650 447
619 425
608 425
631 447
618 471
646 435
623 393
566 453
601 465
602 354
631 431
646 413
592 411
654 396
695 437
652 412
660 448
624 462
605 408
603 404
631 452
651 450
616 421
621 447
689 424
629 368
665 460
527 433
551 377
649 425
536 442
666 430
632 429
657 438
556 373
644 363
626 420
615 421
555 416
645 464
623 385
676 410
620 408
628 422
555 441
553 374
563 449
607 380
620 402
628 420
682 420
619 469
590 386
680 426
669 495
665 471
622 422
545 446
588 424
708 404
586 435
647 420
616 418
611 427
601 426
735 411
586 414
602 391
682 403
579 427
503 439
434 400
601 426
598 426
652 383
634 363
577 432
662 397
639 463
586 444
662 389
616 427
528 437
630 368
630 419
629 411
618 402
626 418
611 385
627 419
539 456
610 404
625 422
629 412
626 420
631 444
637 410
602 414
584 429
656 410
628 484
597 342
531 351
645 444
616 425
589 415
604 458
624 423
650 409
619 423
631 431
522 401
622 410
609 357
636 428
698 426
617 457
651 452
622 397
654 361
626 424
634 447
624 417
701 374
550 408
709 437
631 432
569 384
639 412
596 451
642 467
636 408
563 380
625 418
641 407
599 459
633 401
628 418
618 420
586 392
612 375
614 426
537 349
630 433
537 443
636 423
579 392
653 389
629 428
695 447
750 426
629 421
561 368
655 431
655 427
737 427
594 447
579 413
624 480
623 423
671 416
630 426
668 377
630 431
643 429
606 439
625 421
543 400
624 466
547 442
619 480
560 403
631 426
651 459
634 418
640 415
579 386
538 397
654 453
607 418
577 379
618 457
657 420
632 422
671 475
636 407
678 411
506 383
632 441
715 405
620 424
593 420
639 451
546 402
615 402
616 422
596 479
624 423
627 401
625 491
733 432
592 430
625 420
622 394
592 418
642 480
664 389
648 452
632 408
620 420
626 440
642 478
674 409
581 367
559 434
640 454
684 395
626 402
621 412
658 419
602 406
581 361
722 418
656 372
641 409
624 421
616 411
638 417
689 420
615 390
595 435
615 436
611 441
736 467
644 427
622 422
655 422
590 444
650 457
578 426
631 423
627 420
666 498
599 433
619 417
611 422
656 432
608 410
614 429
614 415
573 439
639 454
652 439
631 443
672 475
600 421
577 446
657 457
646 418
666 387
618 428
583 431
723 451
627 419
568 466
617 415
523 417
593 392
635 378
710 393
624 414
665 366
655 408
632 411
590 381
723 386
705 402
636 431
660 466
593 479
773 452
749 400
564 394
674 456
567 427
628 421
644 425
615 369
590 430
583 341
595 396
703 399
634 422
660 417
626 430
628 423
614 414
640 424
684 425
645 452
625 398
642 448
627 415
628 424
627 411
677 454
489 436
645 450
630 420
572 453
640 418
577 460
687 390
484 386
657 405
583 409
639 415
597 420
627 427
592 435
596 412
684 401
620 372
651 464
494 331
584 429
535 437
556 434
607 420
1341 571
1395 563
1366 545
1362 592
1352 622
1295 557
1423 611
1422 557
1393 581
1283 546
1324 568
1332 581
1408 629
1326 572
1369 579
1346 556
1246 618
1345 570
1322 638
1397 613
1320 551
1277 606
1343 564
1393 553
1313 529
1337 675
1246 604
1419 554
1380 572
1317 549
1364 558
1368 529
1414 517
1443 563
1350 566
1354 580
1396 543
1379 509
1338 574
1418 609
1464 558
1426 571
1361 564
1325 519
1353 555
1387 632
1356 571
1386 569
1351 568
1405 522
1323 629
1356 567
1304 566
1348 566
1339 553
1371 631
1348 559
1321 523
1322 526
1330 597
1356 569
1395 557
1342 569
1354 567
1302 551
1335 588
1271 541
1379 619
1319 560
1316 558
1314 539
1352 552
1280 564
1353 570
1269 624
1354 573
1306 576
1385 556
1318 591
1357 563
1328 544
1397 579
1370 534
1328 575
1421 553
1260 600
1435 645
1377 577
1351 597
1320 601
1374 583
1376 558
1333 575
1360 572
1422 556
1291 576
1352 567
1345 568
1357 573
1405 633
1362 570
1328 580
1318 556
1350 568
1472 562
1391 520
1419 556
1382 526
1308 525
1342 561
1285 567
1295 665
1315 564
1328 549
1335 546
1356 560
1365 565
1380 584
1350 556
1328 562
1350 565
1330 581
1315 599
1314 570
1339 610
1388 499
1316 647
1323 590
1306 468
1326 586
1349 566
1425 615
1286 593
1374 624
1393 558
1388 528
1334 545
1329 561
1366 537
1323 605
1365 558
1346 532
1383 553
1350 549
1353 585
1410 570
1510 600
1360 522
1373 581
1372 618
1437 549
1190 632
1349 525
1351 528
1315 462
1299 568
1365 584
1347 570
1377 550
1290 587
1328 601
1302 495
1350 547
1379 551
1314 595
1391 529
1381 569
1349 563
1429 637
1351 568
1372 563
1240 588
1371 604
1371 466
1404 458
1372 597
1381 539
1336 547
1317 572
1268 522
1380 614
1357 570
1359 608
1375 605
1285 538
1267 589
1368 581
1403 554
1329 638
1335 589
1333 552
1292 591
1292 644
1324 591
1351 568
1396 583
1354 603
1382 558
1341 572
1322 536
1351 569
1304 526
1301 615
1350 578
1339 547
1332 594
1343 564
1340 582
1316 546
1278 598
1213 553
1399 541
1265 571
1308 579
1323 510
1242 551
1358 584
1444 573
1269 533
1411 655
1355 511
1345 573
1377 563
1316 586
1340 550
1294 539
1345 584
1344 553
1353 624
1317 561
1389 628
1348 575
1357 572
1384 617
1351 568
1329 529
1325 578
1351 570
1341 563
1324 552
1450 618
1306 582
1260 571
1344 566
1408 580
1336 537
1347 570
1299 545
1333 570
1347 566
1246 492
1203 570
1330 600
1347 569
1282 561
1338 562
1352 585
1400 534
1274 479
1256 599
1365 589
1349 595
1303 503
1335 554
1310 563
1411 547
1452 621
1401 573
1317 542
1386 605
1370 515
1200 631
1410 637
1423 530
1347 609
1249 481
1275 577
1329 555
1272 530
1296 601
1344 567
1332 524
1231 604
1398 589
1367 598
1336 553
1368 616
1366 555
1286 567
1432 518
1365 578
1339 583
1345 565
1379 631
1346 564
1350 566
1394 546
1401 566
1238 606
1373 564
1373 481
1312 578
1390 610
1438 634
1403 566
1359 557
1369 514
1306 624
1416 534
1377 588
1371 531
1341 576
1437 526
1421 546
1353 567
1368 675
1414 614
1349 568
1343 556
1437 538
1373 556
1390 550
1339 539
1342 651
1278 508
1345 570
1358 571
1434 600
1381 587
1352 568
1382 612
1364 549
1369 578
1352 571
1313 568
1313 578
1207 577
1342 564
1362 591
1379 561
1337 518
1372 564
1329 570
1336 562
1266 512
1305 600
1350 567
1400 552
1316 527
1339 580
1147 859
1012 964
1013 852
899 914
1088 855
1019 891
1074 914
1030 889
1022 890
970 876
1047 796
943 926
1058 897
1062 886
974 916
1124 910
1132 990
1031 892
1011 902
994 896
1057 892
1031 890
1111 907
1034 895
1032 921
1009 945
1113 933
958 885
961 803
1056 845
1056 919
1090 898
1065 938
1083 852
1064 926
1004 900
1113 881
1067 893
1042 865
1034 896
1086 898
1080 867
1068 874
1007 922
1056 891
976 894
1156 934
1048 922
1059 911
1060 888
1091 853
1146 933
1085 908
1133 990
1065 913
1042 880
1080 948
1058 896
1060 870
1043 963
983 886
1051 876
1025 853
1058 896
1063 919
1055 895
1123 937
1058 912
1067 894
908 961
1068 857
1131 849
1004 938
1054 895
970 902
1055 918
1067 898
1070 888
1069 881
1049 891
1031 906
1039 907
1057 869
1127 924
1018 954
1097 857
1049 890
1060 903
1098 930
1072 912
1038 834
1238 931
1056 892
984 869
1054 895
1043 889
1073 907
1049 918
1071 942
1053 891
1067 877
1039 955
1059 900
1066 922
1061 892
891 891
1048 892
1070 884
1118 891
1053 891
1068 893
1072 881
1015 863
1060 898
1063 894
1073 876
1064 895
1099 854
1065 934
1061 901
1044 903
1045 879
1036 895
1051 893
1054 910
1011 962
1105 901
1044 861
1068 870
1070 887
1055 894
1119 916
1068 872
1058 888
1043 873
1007 785
1073 947
1062 933
933 882
1034 809
1099 904
1005 870
1049 894
1055 896
1001 871
1056 890
1049 893
999 966
941 893
1160 843
1028 813
1040 987
1034 918
1017 913
1071 885
1074 920
1047 890
967 879
1094 874
1066 897
1042 893
1058 893
1100 964
1135 894
1017 892
1064 902
1068 872
1068 860
1057 915
1090 868
1073 942
1054 848
1051 898
1059 895
1035 878
1029 903
1025 895
1073 934
1046 894
1028 906
1025 998
1034 879
1014 936
985 874
948 881
990 870
1107 963
1040 920
1127 886
1045 907
1114 917
1058 895
1076 849
1065 884
1050 880
1078 839
1032 901
1061 895
1105 866
1050 901
1089 894
1072 911
1053 843
1058 945
1000 893
1042 913
1042 834
1056 909
1075 908
1058 905
1074 857
1063 875
1022 900
1021 850
1058 895
1056 895
1072 896
1051 876
1058 895
1078 897
1040 846
1056 922
1058 894
934 830
999 888
1076 831
1042 861
1125 918
1109 921
1061 875
1054 899
1050 904
1022 848
1062 866
1032 892
1045 904
1059 911
1004 898
1056 917
996 856
1033 922
1003 881
981 903
1055 897
1135 907
1080 945
1057 898
1067 925
966 898
939 888
1182 874
1050 942
1140 910
1017 879
1058 1010
1060 995
1063 932
995 931
1026 841
1071 881
1046 893
1071 914
1031 921
1127 892
1055 891
1089 806
961 953
1053 894
1053 891
1082 904
1105 879
1023 921
1108 885
1071 877
1047 883
1111 941
1019 899
988 913
1035 874
975 924
1071 912
1067 895
1040 877
1056 878
1083 884
1092 930
987 888
1032 933
1093 901
1098 898
1051 894
952 797
1055 903
1094 890
1111 983
1025 922
1058 895
1144 891
1040 894
1012 872
1056 877
1068 903
964 864
1015 892
1066 888
1044 967
1177 953
945 953
1074 877
1089 940
1148 914
1048 881
1146 914
1082 850
1143 885
1073 952
1134 918
1052 905
1072 892
1050 895
1060 906
1057 895
1078 918
947 930
1051 885
1088 871
950 962
1078 823
1055 832
1072 975
1120 914
897 908
1091 858
1102 875
944 858
885 914
1104 905
1059 905
1056 899
1069 928
1072 909
1100 968
1013 847
1063 887
1034 967
1044 888
1085 898
1021 896
941 893
1073 876
1056 891
1262 344
590 839
1274 479
1375 605
489 146
306 369
457 879
1270 359
1335 766
504 171
904 481
1290 740
645 452
1324 591
541 196
967 644
1274 338
1349 211
946 599
989 387
1261 785
642 598
395 861
1363 704
959 523
632 441
982 419
340 767
1065 938
614 426
291 374
619 417
193 618
943 385
586 815
943 553
697 416
815 216
1043 873
1421 553
1362 570
771 127
1364 775
901 215
1252 744
955 390
1016 602
709 398
1309 146
342 885
666 498
1328 575
575 606
417 846
1301 747
642 467
1339 553
1156 934
281 424
509 543
347 560
406 871
1300 760
511 581
583 157
923 580
929 393
218 570
1044 888
1350 566
691 814
1357 563
218 580
291 420
807 198
159 640
264 366
969 616
1390 550
1187 215
1257 325
154 370
1271 690
267 353
409 836
352 901
272 535
550 408
972 417
1082 850
1323 139
444 554
974 587
216 582
969 384
974 405
570 576
268 569
1317 155