1000 50 5
1278 169
1314 178
1312 89
1247 111
1345 138
1390 224
1301 232
1204 182
1259 129
1265 64
1206 102
1241 185
1236 261
1296 256
1318 196
1186 206
1229 225
1215 146
1169 146
1194 222
1231 192
1236 159
1264 148
1290 129
1299 142
1306 152
1323 156
1357 158
1372 127
1372 90
1375 74
1387 61
1401 59
1403 68
1403 83
1403 94
1403 113
1400 133
1390 175
1389 194
1384 215
1373 246
1370 255
1348 293
1334 287
1343 254
1349 231
1349 209
1346 211
1324 241
1307 265
1283 273
1283 214
1287 203
1240 246
567 379
575 340
622 285
680 342
681 393
663 376
650 356
633 337
614 315
540 294
519 324
545 378
583 356
615 339
629 320
638 312
648 296
652 287
666 297
664 312
623 309
617 302
560 292
580 325
584 341
580 359
583 361
593 379
608 396
616 372
605 349
653 382
643 407
615 388
628 351
620 344
635 381
613 377
577 354
593 308
594 270
594 255
576 254
555 292
557 318
538 345
545 365
568 385
564 349
560 335
614 413
623 405
697 356
700 352
679 322
661 336
663 270
657 267
638 255
632 229
629 267
621 245
363 731
325 637
418 612
393 655
315 675
392 712
448 689
412 614
378 601
368 677
367 686
351 650
353 620
354 593
385 637
414 637
422 642
413 669
391 680
382 659
359 611
365 621
398 621
360 647
341 683
341 705
360 704
367 700
392 705
414 711
413 683
455 647
456 605
404 571
373 564
363 589
389 602
393 599
340 585
325 602
322 631
439 723
473 715
485 638
487 643
503 693
477 672
1151 795
1122 759
1113 729
1095 682
1091 634
1097 602
1118 637
1119 645
1113 675
1107 697
1068 754
1058 783
1050 810
1037 834
1055 822
1072 803
1076 758
1082 718
1083 709
1086 673
1086 630
1092 606
1105 610
1126 645
1113 683
1106 701
1106 739
1111 756
1129 792
1161 819
1170 812
1165 783
1138 747
1102 705
1085 684
1072 647
1075 619
1093 601
1094 604
1103 640
1070 665
1053 694
1033 743
1050 751
1086 718
1121 710
1123 697
1143 681
1149 676
1179 770
1158 730
1153 712
1117 727
1060 722
1009 683
1030 646
1082 651
1144 670
1222 397
1099 345
987 211
882 166
890 388
868 378
845 267
824 219
732 154
645 133
549 120
444 120
364 113
300 119
226 154
208 172
153 90
82 54
60 47
74 192
40 531
62 679
64 783
65 916
81 934
196 951
701 953
843 937
1202 917
1403 868
1383 715
1317 587
1101 507
1028 461
1021 348
1064 184
1087 122
995 104
852 79
751 63
559 46
447 46
300 43
244 48
244 138
278 212
300 298
263 350
162 337
159 257
145 263
106 309
85 399
182 490
420 417
507 452
655 526
726 469
733 313
418 154
439 247
509 242
530 256
579 188
636 183
650 217
662 135
660 96
657 60
612 79
588 200
500 505
497 518
462 584
451 558
449 530
356 480
340 573
311 550
282 533
237 602
223 638
128 604
92 635
44 588
109 564
258 604
264 654
261 681
320 637
416 619
530 686
528 619
657 550
698 639
570 656
604 657
597 561
581 506
596 452
501 529
441 519
521 445
528 434
540 415
594 393
584 461
542 525
479 565
435 512
480 426
494 382
497 335
454 366
403 365
389 495
383 537
475 474
461 453
444 437
425 379
438 302
463 288
469 305
440 330
354 407
345 429
304 460
343 511
451 482
505 390
540 344
561 415
568 436
517 512
441 529
399 500
372 393
345 353
326 371
396 430
594 413
1258 231
1143 238
1131 206
1131 157
1062 141
995 149
1170 174
1118 177
1083 164
1162 143
1027 106
1140 164
1087 197
970 165
1128 214
947 168
1338 645
1347 705
1338 831
1378 812
1378 750
1355 662
1362 636
1381 595
1421 723
1421 815
1365 842
1331 788
1345 684
1363 668
1411 626
1406 687
1333 737
1349 772
1401 764
1411 773
1410 670
1361 621
1338 576
1335 614
1319 710
1313 819
1047 924
969 913
939 914
1036 906
1037 822
1020 870
1010 903
995 927
968 902
988 858
995 840
995 850
1005 866
1016 796
990 824
942 890
1062 820
985 832
956 903
966 902
780 327
768 218
719 183
756 230
726 314
737 412
701 421
752 354
791 268
731 222
716 264
743 375
777 371
802 446
841 589
877 677
829 690
711 795
647 814
533 814
465 851
497 816
553 778
652 785
684 774
621 803
546 805
498 808
579 809
605 805
584 833
529 866
514 869
564 836
538 841
509 851
506 860
571 807
695 780
712 762
595 815
536 824
625 776
557 803
532 799
1375 89
1419 104
1431 77
1429 48
1412 74
1393 56
1369 66
1393 84
1394 60
1390 101
1398 107
1430 145
1431 84
1421 137
1415 133
1394 130
1360 137
1347 100
1306 127
1332 125
1336 120
1355 198
1370 196
1377 228
1347 219
1387 181
1402 215
1363 257
1364 247
1383 271
1422 186
1420 172
1377 159
1373 163
1386 143
1377 152
1375 208
1323 214
1288 193
1070 146
1026 102
1066 118
1170 133
1209 137
1102 115
1220 105
1258 85
1398 105
1306 131
1227 136
766 549
898 419
914 380
910 376
853 474
835 483
657 508
380 213
261 128
236 177
180 217
323 321
490 284
378 227
249 182
246 230
1369 824
1371 769
1400 696
1404 636
1395 663
1366 689
1361 733
1331 726
1320 664
1312 613
1304 713
1314 733
1345 764
1400 793
1124 820
1119 769
1094 777
1052 745
1024 775
1022 771
1035 728
1041 710
982 743
1032 665
1035 652
964 653
1013 659
994 698
969 706
1005 685
1009 674
910 656
890 649
867 636
804 615
791 598
801 561
793 543
713 508
702 460
688 414
711 459
819 508
867 555
888 593
973 641
1011 650
967 636
843 565
843 572
980 655
906 651
710 741
661 799
628 823
606 851
589 875
542 891
533 886
559 866
565 868
583 867
597 859
614 851
619 841
605 832
597 837
587 844
586 844
576 858
579 864
584 862
590 849
588 843
557 818
545 806
520 789
531 812
526 813
516 821
629 832
630 812
639 778
653 766
682 768
730 797
666 796
632 793
573 823
633 811
644 810
468 723
355 697
297 682
282 709
326 683
371 562
460 432
483 418
443 479
488 505
501 504
392 598
715 455
747 469
774 514
732 464
809 502
744 457
756 425
798 478
792 508
833 558
859 573
949 644
952 648
937 649
869 611
836 545
818 442
882 501
895 554
872 561
914 591
935 616
954 603
1004 624
945 620
885 610
1159 549
1355 440
1413 339
1326 528
1264 527
1282 460
1322 354
1304 419
1320 522
1296 330
1334 415
1332 491
1293 476
1296 501
1284 360
1242 340
1195 292
1194 255
1234 285
1291 313
1354 353
1341 515
1357 538
1378 550
1388 588
1416 624
1395 752
1404 787
1388 879
165 925
144 922
114 885
111 887
25 866
83 863
91 916
65 777
161 428
120 526
117 566
131 206
124 140
82 89
84 88
267 100
502 93
640 114
816 158
955 248
1053 354
1011 486
843 402
1095 369
1126 430
1162 461
1060 447
964 424
1036 242
958 252
937 274
1176 289
990 338
966 444
856 689
852 773
690 677
546 726
343 807
150 784
154 651
235 581
230 839
258 672
395 792
645 817
874 629
873 559
914 746
1038 641
1018 543
1071 347
1080 245
810 127
919 99
956 56
1078 58
1123 53
472 215
364 247
357 368
222 320
232 236
228 385
236 432
232 496
355 331
281 536
448 488
720 499
692 507
516 444
366 327
529 202
1184 277
1208 416
1217 518
1231 699
1242 749
1326 734
1234 617
1169 608
1068 575
926 520
937 460
930 355
890 259
885 207
847 168
783 125
688 128
436 119
431 125
334 157
325 197
235 284
212 288
130 306
101 319
81 316
135 395
82 462
93 472
176 494
1139 406
1115 336
928 253
1063 258
1100 278
949 313
897 305
859 298
888 233
917 201
915 147
879 126
747 120
721 108
674 160
547 116
475 122
478 164
604 214
694 226
904 264
953 289
1027 352
1061 389
1068 429
1062 485
1036 457
906 329
871 302
999 310
1113 322
1025 334
733 190
856 328
869 351
830 341
921 429
1141 563
1120 569
994 502
938 468
747 522
533 754
400 881
351 926
564 929
686 895
857 862
946 813
811 745
765 617
600 578
731 586
629 664
633 717
1140 475
1337 327
1233 294
1153 229
1163 64
1217 17
1299 12
1386 20
918 25
830 12
772 14
661 11
588 18
568 57
714 9
718 43
719 49
712 79
687 26
714 106
1001 21
990 58
989 62
934 114
921 166
892 222
923 307
955 354
1073 492
1047 470
1060 484
1247 953
1271 888
1297 968
1343 956
1309 908
1224 936
1300 940
1295 946
1261 921
1252 951
1273 908
1281 913
1270 943
1293 934
1310 928
1212 898
1194 902
1257 920
1239 904
1191 893
1264 896
1256 922
1178 903
1246 876
1233 914
1346 915
1265 910
1246 905
1382 929
1254 926
695 526
685 560
660 536
714 510
654 528
693 514
666 523
689 555
707 552
696 566
706 566
731 565
683 551
753 571
719 586
688 568
670 568
788 504
754 494
790 488
860 470
831 498
824 513
787 530
777 517
769 513
747 510
739 527
730 516
735 521
716 538
719 542
746 543
762 542
775 543
770 531
768 517
800 507
796 521
797 526
818 530
817 542
760 490
801 505
790 496
784 496
782 499
761 493
769 522
768 488
765 498
766 514
771 484
824 485
856 500
816 508
763 552
740 585
740 542
727 591
411 645
412 686
374 687
399 683
394 655
361 654
343 653
333 662
366 683
375 672
418 628
428 637
410 641
415 635
1352 177
1331 187
1238 160
1297 156
1217 192
1275 192
1206 195
1344 225
1271 260
1273 187
1367 294
1163 110
779 204
490 207
197 204
133 381
393 424
620 393
961 389
1200 445
984 334
922 204
881 288
1031 242
1044 169
1123 230
1076 280
1180 274
1227 225
794 459
821 527
845 518
754 488
583 817
363 712
209 668
169 773
152 826
386 849
720 785
1061 741
1208 745
1415 815
1354 606
1272 602
1362 687
1273 684
1333 686
1328 637
1350 649
1359 660
1336 796
522 456
67 85
1411 409
186 901
694 579
590 338
674 299
1304 910
325 85

